p cnf 17 55
1 0
-5 0
4 0
8 0
-2 9 1 0
-3 10 2 0
-4 11 3 0
-2 9 -12 0
-3 10 -13 0
-4 11 -14 0
2 -9 0 
3 -10 0
4 -11 0
-2 -12 1 0
-3 -13 2 0
-4 -14 3 0
-2 -12 0
-3 -13 0
-4 -14 0
2 12 -1 0
3 13 -2 0
4 14 -3 0
2 12 -9 0
3 13 -10 0
4 13 -11 0
-6 15 5 0
-7 16 6 0
-8 17 7 0
6 -15 0
7 -16 0
8 -17 0
6 -5 0
7 -6 0
8 -7 0
-9 -1 0
-10 -2 0
-11 -3 0
-12 1 0
-13 2 0
-14 3 0
-15 -5 0
-16 -6 0
-17 -7 0
-15 -1 0
-16 -2 0
-17 -3 0
-9 -12 0
-10 -13 0
-11 -14 0
-9 -15 0
-10 -16 0
-11 -17 0
-12 -15 0
-13 -16 0
-14 -17 0